CorrectClone	OldClone	matched_mother	matched_father
24708	24708	1863	2365
24709	24709	1863	2365
24710	24710	1863	2365
24711	24711	1863	2365
24712	24712	1863	2365
24713	24713	1863	2365
24714	24714	1863	2365
24715	24715	1863	2365
25950	25426	1863	2365
25951	25427	1863	2365
27074	26550	1863	2365
27077	26553	1863	2365
25281	24757	1909	2365
25282	24758	1909	2365
25283	24759	1909	2365
25284	24760	1909	2365
25287	24763	1909	2365
25289	24765	1909	2365
25296	24772	1909	2365
25297	24773	1909	2365
25301	24777	1909	2365
25302	24778	1909	2365
25305	24781	1909	2365
25306	24782	1909	2365
25307	24783	1909	2365
25308	24784	1909	2365
25309	24785	1909	2365
25317	24793	1909	2365
25318	24794	1909	2365
27229	26705	1909	2365
25395	24871	1950	2365
25397	24873	1950	2365
25398	24874	1950	2365
26107	25583	1950	2365
26110	25586	1950	2365
26112	25588	1950	2365
26114	25590	1950	2365
26115	25591	1950	2365
26117	25593	1950	2365
26119	25595	1950	2365
26124	25600	1950	2365
26126	25602	1950	2365
26137	25613	1950	2365
26138	25614	1950	2365
26146	25622	1950	2365
26149	25625	1950	2365
26155	25631	1950	2365
26160	25636	1950	2365
26986	26462	2048	2365
26998	26474	2048	2365
27006	26482	2048	2365
27023	26499	2048	2365
27024	26500	2048	2365
27027	26503	2048	2365
27029	26505	2048	2365
27030	26506	2048	2365
27033	26509	2048	2365
27034	26510	2048	2365
27035	26511	2048	2365
27038	26514	2048	2365
27043	26519	2048	2365
27044	26520	2048	2365
27047	26523	2048	2365
27048	26524	2048	2365
27061	26537	2048	2365
27064	26540	2048	2365
27065	26541	2048	2365
27068	26544	2048	2365
27069	26545	2048	2365
25900	25376	2066	2365
25904	25380	2066	2365
25906	25382	2066	2365
25907	25383	2066	2365
25908	25384	2066	2365
25910	25386	2066	2365
26426	25902	2066	2365
26879	26355	2066	2365
26881	26357	2066	2365
26942	26418	2066	2365
26946	26422	2066	2365
26947	26423	2066	2365
26948	26424	2066	2365
26951	26427	2066	2365
26963	26439	2066	2365
26967	26443	2066	2365
26970	26446	2066	2365
26971	26447	2066	2365
26478	25954	2283	2365
26479	25955	2283	2365
26480	25956	2283	2365
26481	25957	2283	2365
26486	25962	2283	2365
26488	25964	2283	2365
26490	25966	2283	2365
26491	25967	2283	2365
26493	25969	2283	2365
26495	25971	2283	2365
26497	25973	2283	2365
26499	25975	2283	2365
26503	25979	2283	2365
26507	25983	2283	2365
26511	25987	2283	2365
26512	25988	2283	2365
26514	25990	2283	2365
26515	25991	2283	2365
25724	25200	4593	2365
25725	25201	4593	2365
25726	25202	4593	2365
25729	25205	4593	2365
25730	25206	4593	2365
25731	25207	4593	2365
25732	25208	4593	2365
25733	25209	4593	2365
25734	25210	4593	2365
25735	25211	4593	2365
25736	25212	4593	2365
25737	25213	4593	2365
25738	25214	4593	2365
25739	25215	4593	2365
25740	25216	4593	2365
25741	25217	4593	2365
25742	25218	4593	2365
25743	25219	4593	2365
26764	26240	4593	2365
26769	26245	4593	2365
26806	26282	4593	2365
26812	26288	4593	2365
27072	26548	1863	2393
27073	26549	1863	2393
27075	26551	1863	2393
27076	26552	1863	2393
27078	26554	1863	2393
27079	26555	1863	2393
27080	26556	1863	2393
27081	26557	1863	2393
25955	25431	1909	2393
25960	25436	1909	2393
25961	25437	1909	2393
25962	25438	1909	2393
25963	25439	1909	2393
25967	25443	1909	2393
25972	25448	1909	2393
25976	25452	1909	2393
25977	25453	1909	2393
25978	25454	1909	2393
25979	25455	1909	2393
25984	25460	1909	2393
25989	25465	1909	2393
25994	25470	1909	2393
25996	25472	1909	2393
26000	25476	1909	2393
26007	25483	1909	2393
26062	25538	1950	2393
26067	25543	1950	2393
26069	25545	1950	2393
26072	25548	1950	2393
26075	25551	1950	2393
26076	25552	1950	2393
26078	25554	1950	2393
26081	25557	1950	2393
26084	25560	1950	2393
26085	25561	1950	2393
26086	25562	1950	2393
26088	25564	1950	2393
26090	25566	1950	2393
26092	25568	1950	2393
26093	25569	1950	2393
26095	25571	1950	2393
26099	25575	1950	2393
26103	25579	1950	2393
26104	25580	1950	2393
26973	26449	2048	2393
26974	26450	2048	2393
26977	26453	2048	2393
26979	26455	2048	2393
26981	26457	2048	2393
26983	26459	2048	2393
26987	26463	2048	2393
26990	26466	2048	2393
26995	26471	2048	2393
26996	26472	2048	2393
26997	26473	2048	2393
27003	26479	2048	2393
27004	26480	2048	2393
27010	26486	2048	2393
27071	26547	2048	2393
26344	25820	2066	2393
26345	25821	2066	2393
26346	25822	2066	2393
26347	25823	2066	2393
26349	25825	2066	2393
26350	25826	2066	2393
26352	25828	2066	2393
26353	25829	2066	2393
26354	25830	2066	2393
26355	25831	2066	2393
26356	25832	2066	2393
26360	25836	2066	2393
26362	25838	2066	2393
26363	25839	2066	2393
26364	25840	2066	2393
26365	25841	2066	2393
26366	25842	2066	2393
26530	26006	2283	2393
26531	26007	2283	2393
26533	26009	2283	2393
26537	26013	2283	2393
26538	26014	2283	2393
26542	26018	2283	2393
26545	26021	2283	2393
26548	26024	2283	2393
26551	26027	2283	2393
26552	26028	2283	2393
26555	26031	2283	2393
26556	26032	2283	2393
26557	26033	2283	2393
26558	26034	2283	2393
26561	26037	2283	2393
26562	26038	2283	2393
26563	26039	2283	2393
26564	26040	2283	2393
26565	26041	2283	2393
26567	26043	2283	2393
26765	26241	4593	2393
26768	26244	4593	2393
26770	26246	4593	2393
26773	26249	4593	2393
26774	26250	4593	2393
26775	26251	4593	2393
26776	26252	4593	2393
26777	26253	4593	2393
26798	26274	4593	2393
26802	26278	4593	2393
26817	26293	4593	2393
26826	26302	4593	2393
26828	26304	4593	2393
24716	24716	1863	2515
24717	24717	1863	2515
24718	24718	1863	2515
24719	24719	1863	2515
24720	24720	1863	2515
24721	24721	1863	2515
24722	24722	1863	2515
24723	24723	1863	2515
24724	24724	1863	2515
24725	24725	1863	2515
24726	24726	1863	2515
24727	24727	1863	2515
25252	24728	1863	2515
25253	24729	1863	2515
25254	24730	1863	2515
25255	24731	1863	2515
25256	24732	1863	2515
25258	24734	1863	2515
27088	26564	1863	2515
27089	26565	1863	2515
27090	26566	1863	2515
27091	26567	1863	2515
27094	26570	1863	2515
27096	26572	1863	2515
27097	26573	1863	2515
27098	26574	1863	2515
27099	26575	1863	2515
27101	26577	1863	2515
27102	26578	1863	2515
27105	26581	1863	2515
27108	26584	1863	2515
27111	26587	1863	2515
27113	26589	1863	2515
27115	26591	1863	2515
27116	26592	1863	2515
27117	26593	1863	2515
25846	25322	1909	2515
25849	25325	1909	2515
25856	25332	1909	2515
25858	25334	1909	2515
25860	25336	1909	2515
25863	25339	1909	2515
26027	25503	1909	2515
26028	25504	1909	2515
26029	25505	1909	2515
26030	25506	1909	2515
26031	25507	1909	2515
26033	25509	1909	2515
26034	25510	1909	2515
26035	25511	1909	2515
26036	25512	1909	2515
26037	25513	1909	2515
26038	25514	1909	2515
27503	26979	1909	2515
25406	24882	1950	2515
25407	24883	1950	2515
25408	24884	1950	2515
25409	24885	1950	2515
25415	24891	1950	2515
25416	24892	1950	2515
25418	24894	1950	2515
25420	24896	1950	2515
25421	24897	1950	2515
25423	24899	1950	2515
25425	24901	1950	2515
25426	24902	1950	2515
25427	24903	1950	2515
25429	24905	1950	2515
25431	24907	1950	2515
25432	24908	1950	2515
25433	24909	1950	2515
25435	24911	1950	2515
26187	25663	2048	2515
26190	25666	2048	2515
26191	25667	2048	2515
26194	25670	2048	2515
26196	25672	2048	2515
26197	25673	2048	2515
26198	25674	2048	2515
26201	25677	2048	2515
26203	25679	2048	2515
26208	25684	2048	2515
26209	25685	2048	2515
26212	25688	2048	2515
26215	25691	2048	2515
26216	25692	2048	2515
26221	25697	2048	2515
26223	25699	2048	2515
26224	25700	2048	2515
26226	25702	2048	2515
25865	25341	2066	2515
25867	25343	2066	2515
25870	25346	2066	2515
25887	25363	2066	2515
25889	25365	2066	2515
25893	25369	2066	2515
25894	25370	2066	2515
26890	26366	2066	2515
26893	26369	2066	2515
26897	26373	2066	2515
26902	26378	2066	2515
26904	26380	2066	2515
26909	26385	2066	2515
26910	26386	2066	2515
26912	26388	2066	2515
26916	26392	2066	2515
26919	26395	2066	2515
26390	25866	2283	2515
26574	26050	2283	2515
27368	26844	2283	2515
27369	26845	2283	2515
27370	26846	2283	2515
27376	26852	2283	2515
27378	26854	2283	2515
27379	26855	2283	2515
27381	26857	2283	2515
27384	26860	2283	2515
27385	26861	2283	2515
27387	26863	2283	2515
27392	26868	2283	2515
27396	26872	2283	2515
27397	26873	2283	2515
27398	26874	2283	2515
27402	26878	2283	2515
27405	26881	2283	2515
27406	26882	2283	2515
25744	25220	4593	2515
25745	25221	4593	2515
25746	25222	4593	2515
25747	25223	4593	2515
25748	25224	4593	2515
25749	25225	4593	2515
25750	25226	4593	2515
25751	25227	4593	2515
25752	25228	4593	2515
25753	25229	4593	2515
25754	25230	4593	2515
26522	25998	1863	2572
25326	24802	1909	2572
25328	24804	1909	2572
25329	24805	1909	2572
25330	24806	1909	2572
25333	24809	1909	2572
25334	24810	1909	2572
25335	24811	1909	2572
25336	24812	1909	2572
25341	24817	1909	2572
25342	24818	1909	2572
25347	24823	1909	2572
25349	24825	1909	2572
25352	24828	1909	2572
25354	24830	1909	2572
25355	24831	1909	2572
25357	24833	1909	2572
25358	24834	1909	2572
27522	26998	1909	2572
25437	24913	1950	2572
25438	24914	1950	2572
25439	24915	1950	2572
25442	24918	1950	2572
25445	24921	1950	2572
25448	24924	1950	2572
25450	24926	1950	2572
25457	24933	1950	2572
25458	24934	1950	2572
25459	24935	1950	2572
25461	24937	1950	2572
25462	24938	1950	2572
25463	24939	1950	2572
25464	24940	1950	2572
25466	24942	1950	2572
25470	24946	1950	2572
25472	24948	1950	2572
25473	24949	1950	2572
26227	25703	2048	2572
26230	25706	2048	2572
26231	25707	2048	2572
26232	25708	2048	2572
26235	25711	2048	2572
26236	25712	2048	2572
26237	25713	2048	2572
26239	25715	2048	2572
26240	25716	2048	2572
26242	25718	2048	2572
26243	25719	2048	2572
26244	25720	2048	2572
26246	25722	2048	2572
26248	25724	2048	2572
26251	25727	2048	2572
26253	25729	2048	2572
26255	25731	2048	2572
26256	25732	2048	2572
26367	25843	2066	2572
26370	25846	2066	2572
26373	25849	2066	2572
26378	25854	2066	2572
26382	25858	2066	2572
26385	25861	2066	2572
26386	25862	2066	2572
26393	25869	2066	2572
26394	25870	2066	2572
26395	25871	2066	2572
26396	25872	2066	2572
26399	25875	2066	2572
26402	25878	2066	2572
26403	25879	2066	2572
26406	25882	2066	2572
26413	25889	2066	2572
26415	25891	2066	2572
26419	25895	2066	2572
26517	25993	2283	2572
26518	25994	2283	2572
26519	25995	2283	2572
26520	25996	2283	2572
26521	25997	2283	2572
26523	25999	2283	2572
26524	26000	2283	2572
26525	26001	2283	2572
26625	26101	2283	2572
26629	26105	2283	2572
26631	26107	2283	2572
26634	26110	2283	2572
26635	26111	2283	2572
26636	26112	2283	2572
26637	26113	2283	2572
26640	26116	2283	2572
26641	26117	2283	2572
26643	26119	2283	2572
26644	26120	2283	2572
26648	26124	2283	2572
26649	26125	2283	2572
26652	26128	2283	2572
26654	26130	2283	2572
26655	26131	2283	2572
26658	26134	2283	2572
26659	26135	2283	2572
26661	26137	4593	2572
26663	26139	4593	2572
26666	26142	4593	2572
26671	26147	4593	2572
26672	26148	4593	2572
26675	26151	4593	2572
26676	26152	4593	2572
26677	26153	4593	2572
26678	26154	4593	2572
26680	26156	4593	2572
26685	26161	4593	2572
26686	26162	4593	2572
26688	26164	4593	2572
26691	26167	4593	2572
26695	26171	4593	2572
27122	26598	1863	2683
27124	26600	1863	2683
27126	26602	1863	2683
27127	26603	1863	2683
27129	26605	1863	2683
27130	26606	1863	2683
27131	26607	1863	2683
27132	26608	1863	2683
27134	26610	1863	2683
27135	26611	1863	2683
27136	26612	1863	2683
27137	26613	1863	2683
27139	26615	1863	2683
27140	26616	1863	2683
27144	26620	1863	2683
27147	26623	1863	2683
27148	26624	1863	2683
27149	26625	1863	2683
27322	26798	1863	2683
26039	25515	1909	2683
26040	25516	1909	2683
26041	25517	1909	2683
26042	25518	1909	2683
26043	25519	1909	2683
26044	25520	1909	2683
26046	25522	1909	2683
26047	25523	1909	2683
26050	25526	1909	2683
26051	25527	1909	2683
26057	25533	1909	2683
26059	25535	1909	2683
27207	26683	1950	2683
27224	26700	1950	2683
27225	26701	1950	2683
27231	26707	1950	2683
27237	26713	1950	2683
27238	26714	1950	2683
27242	26718	1950	2683
27243	26719	1950	2683
27244	26720	1950	2683
27247	26723	1950	2683
27251	26727	1950	2683
26923	26399	2048	2683
26924	26400	2048	2683
26925	26401	2048	2683
26926	26402	2048	2683
26928	26404	2048	2683
26930	26406	2048	2683
26933	26409	2048	2683
26934	26410	2048	2683
26935	26411	2048	2683
26936	26412	2048	2683
27012	26488	2048	2683
27014	26490	2048	2683
27015	26491	2048	2683
27016	26492	2048	2683
27017	26493	2048	2683
27018	26494	2048	2683
27019	26495	2048	2683
27020	26496	2048	2683
26436	25912	2066	2683
26443	25919	2066	2683
26444	25920	2066	2683
26448	25924	2066	2683
26467	25943	2066	2683
26471	25947	2066	2683
26834	26310	2066	2683
26837	26313	2066	2683
26841	26317	2066	2683
26842	26318	2066	2683
26853	26329	2066	2683
26855	26331	2066	2683
26857	26333	2066	2683
26860	26336	2066	2683
26868	26344	2066	2683
26578	26054	2283	2683
26584	26060	2283	2683
26592	26068	2283	2683
26595	26071	2283	2683
26603	26079	2283	2683
26605	26081	2283	2683
26608	26084	2283	2683
26610	26086	2283	2683
26611	26087	2283	2683
26614	26090	2283	2683
26620	26096	2283	2683
26621	26097	2283	2683
26624	26100	2283	2683
26696	26172	4593	2683
26698	26174	4593	2683
26699	26175	4593	2683
26700	26176	4593	2683
26703	26179	4593	2683
26704	26180	4593	2683
26705	26181	4593	2683
26707	26183	4593	2683
26708	26184	4593	2683
26710	26186	4593	2683
26711	26187	4593	2683
26713	26189	4593	2683
26714	26190	4593	2683
26715	26191	4593	2683
26716	26192	4593	2683
27663	27139	4593	2683
25260	24736	1863	6909
25264	24740	1863	6909
25269	24745	1863	6909
25271	24747	1863	6909
27155	26631	1863	6909
27159	26635	1863	6909
25361	24837	1909	6909
25363	24839	1909	6909
25364	24840	1909	6909
25365	24841	1909	6909
25366	24842	1909	6909
25368	24844	1909	6909
25371	24847	1909	6909
25372	24848	1909	6909
25373	24849	1909	6909
25374	24850	1909	6909
25375	24851	1909	6909
25376	24852	1909	6909
25377	24853	1909	6909
25383	24859	1909	6909
25388	24864	1909	6909
25389	24865	1909	6909
25391	24867	1909	6909
25392	24868	1909	6909
26054	25530	1909	6909
26055	25531	1909	6909
26161	25637	1950	6909
26162	25638	1950	6909
26163	25639	1950	6909
26164	25640	1950	6909
26165	25641	1950	6909
26166	25642	1950	6909
26167	25643	1950	6909
26168	25644	1950	6909
26169	25645	1950	6909
26170	25646	1950	6909
26171	25647	1950	6909
26172	25648	1950	6909
26173	25649	1950	6909
26174	25650	1950	6909
26176	25652	1950	6909
26177	25653	1950	6909
26178	25654	1950	6909
26179	25655	1950	6909
26717	26193	1950	6909
26719	26195	1950	6909
26720	26196	1950	6909
26721	26197	1950	6909
26724	26200	1950	6909
26725	26201	1950	6909
26733	26209	1950	6909
26735	26211	1950	6909
26740	26216	1950	6909
26741	26217	1950	6909
26742	26218	1950	6909
26744	26220	1950	6909
26752	26228	1950	6909
26761	26237	1950	6909
26762	26238	1950	6909
26259	25735	2048	6909
26261	25737	2048	6909
26263	25739	2048	6909
26266	25742	2048	6909
26267	25743	2048	6909
26268	25744	2048	6909
26273	25749	2048	6909
26275	25751	2048	6909
26278	25754	2048	6909
26280	25756	2048	6909
26281	25757	2048	6909
26282	25758	2048	6909
26283	25759	2048	6909
26284	25760	2048	6909
26285	25761	2048	6909
26287	25763	2048	6909
26289	25765	2048	6909
26290	25766	2048	6909
26442	25918	2066	6909
26451	25927	2066	6909
26780	26256	2066	6909
26783	26259	2066	6909
26784	26260	2066	6909
26785	26261	2066	6909
26786	26262	2066	6909
26787	26263	2066	6909
26788	26264	2066	6909
26789	26265	2066	6909
26790	26266	2066	6909
26791	26267	2066	6909
26792	26268	2066	6909
26793	26269	2066	6909
26795	26271	2066	6909
26872	26348	2066	6909
26873	26349	2066	6909
26874	26350	2066	6909
26876	26352	2066	6909
26877	26353	2066	6909
26587	26063	2283	6909
26596	26072	2283	6909
26604	26080	2283	6909
26618	26094	2283	6909
25917	25393	4593	6909
25918	25394	4593	6909
25920	25396	4593	6909
25923	25399	4593	6909
25926	25402	4593	6909
25927	25403	4593	6909
25930	25406	4593	6909
25934	25410	4593	6909
25945	25421	4593	6909
25949	25425	4593	6909
26701	26177	4593	6909
26702	26178	4593	6909
26732	26208	4593	6909
26745	26221	4593	6909
26749	26225	4593	6909
25272	24748	1863	7073
25273	24749	1863	7073
25276	24752	1863	7073
25277	24753	1863	7073
25280	24756	1863	7073
27167	26643	1863	7073
27173	26649	1863	7073
27174	26650	1863	7073
27176	26652	1863	7073
27177	26653	1863	7073
27178	26654	1863	7073
27179	26655	1863	7073
27181	26657	1863	7073
27184	26660	1863	7073
27188	26664	1863	7073
27192	26668	1863	7073
27199	26675	1863	7073
27201	26677	1863	7073
25813	25289	1909	7073
25821	25297	1909	7073
25825	25301	1909	7073
25829	25305	1909	7073
25831	25307	1909	7073
25834	25310	1909	7073
25835	25311	1909	7073
25841	25317	1909	7073
26010	25486	1909	7073
26011	25487	1909	7073
26014	25490	1909	7073
26015	25491	1909	7073
26016	25492	1909	7073
26017	25493	1909	7073
26019	25495	1909	7073
26022	25498	1909	7073
26024	25500	1909	7073
25476	24952	1950	7073
25478	24954	1950	7073
25480	24956	1950	7073
25481	24957	1950	7073
25482	24958	1950	7073
25485	24961	1950	7073
25486	24962	1950	7073
25487	24963	1950	7073
25488	24964	1950	7073
25490	24966	1950	7073
25491	24967	1950	7073
25492	24968	1950	7073
25493	24969	1950	7073
25494	24970	1950	7073
25495	24971	1950	7073
25496	24972	1950	7073
25497	24973	1950	7073
25498	24974	1950	7073
25499	24975	1950	7073
26294	25770	2048	7073
26299	25775	2048	7073
26300	25776	2048	7073
26302	25778	2048	7073
26303	25779	2048	7073
26304	25780	2048	7073
26305	25781	2048	7073
26310	25786	2048	7073
26317	25793	2048	7073
26327	25803	2048	7073
26328	25804	2048	7073
26330	25806	2048	7073
26331	25807	2048	7073
26332	25808	2048	7073
26336	25812	2048	7073
26340	25816	2048	7073
26343	25819	2048	7073
25501	24977	2066	7073
25505	24981	2066	7073
25507	24983	2066	7073
25510	24986	2066	7073
25511	24987	2066	7073
25512	24988	2066	7073
27203	26679	2066	7073
27217	26693	2066	7073
27228	26704	2066	7073
27232	26708	2066	7073
27249	26725	2066	7073
27252	26728	2066	7073
27260	26736	2066	7073
27264	26740	2066	7073
27269	26745	2066	7073
27276	26752	2066	7073
27277	26753	2066	7073
27278	26754	2066	7073
27283	26759	2066	7073
27285	26761	2066	7073
27289	26765	2066	7073
27292	26768	2066	7073
27295	26771	2066	7073
27302	26778	2066	7073
26573	26049	2283	7073
27408	26884	2283	7073
27415	26891	2283	7073
27417	26893	2283	7073
27425	26901	2283	7073
27427	26903	2283	7073
27428	26904	2283	7073
27430	26906	2283	7073
27431	26907	2283	7073
27432	26908	2283	7073
27433	26909	2283	7073
27437	26913	2283	7073
27438	26914	2283	7073
27441	26917	2283	7073
27442	26918	2283	7073
27446	26922	2283	7073
27447	26923	2283	7073
27454	26930	2283	7073
25755	25231	4593	7073
25759	25235	4593	7073
25767	25243	4593	7073
27320	26796	4593	7073
27323	26799	4593	7073
27329	26805	4593	7073
27331	26807	4593	7073
27332	26808	4593	7073
27341	26817	4593	7073
27344	26820	4593	7073
27346	26822	4593	7073
27351	26827	4593	7073
27352	26828	4593	7073
27354	26830	4593	7073
27355	26831	4593	7073
1863	1863	NA	NA
1909	1909	NA	NA
1950	1950	NA	NA
2048	2048	NA	NA
2066	2066	NA	NA
2283	2283	NA	NA
2365	2365	NA	NA
2393	2393	NA	NA
2515	2515	NA	NA
2572	2572	NA	NA
2683	2683	NA	NA
4593	4593	NA	NA
6909	6909	NA	NA
7073	7073	NA	NA